image: chula4.pgm
resolution: 0.050000
origin: [-20.680258, -19.262369, 0.000000]
negate: 0
occupied_thresh: 0.65
free_thresh: 0.196

