image: eic2023_edited2.pgm
resolution: 0.050000
origin: [-2.867412, -8.186484, 0.000000]
negate: 0
occupied_thresh: 0.65
free_thresh: 0.196

