image: fur_map.pgm
resolution: 0.050000
origin: [-4.203382, -4.047179, 0.000000]
negate: 0
occupied_thresh: 0.65
free_thresh: 0.196

