image: scifair6.pgm
resolution: 0.050000
origin: [-43.314606, -27.371387, 0.000000]
negate: 0
occupied_thresh: 0.65
free_thresh: 0.196

