image: scifair5.pgm
resolution: 0.050000
origin: [-42.133218, -27.412723, 0.000000]
negate: 0
occupied_thresh: 0.65
free_thresh: 0.196

